
Path from Vertex 183 to Vertex 449:
589080 5.21298e+06 1508
589090 5.213e+06 1521.67
589095 5.21301e+06 1528.32
589100 5.21302e+06 1535
589110 5.21304e+06 1543

Path from Vertex 449 to Vertex 640:
589140 5.21289e+06 1470
589116 5.21292e+06 1489.3
589110 5.21293e+06 1493.45
589102 5.21294e+06 1497.49
589097 5.21295e+06 1499.98
589080 5.21298e+06 1508

Path from Vertex 640 to Vertex 213:
589200 5.21286e+06 1484
589170 5.21288e+06 1474.37
589140 5.21289e+06 1470

Path from Vertex 213 to Vertex 398:
589200 5.21283e+06 1466
589200 5.21286e+06 1484

Path from Vertex 398 to Vertex 602:
589140 5.2128e+06 1414
589160 5.21281e+06 1430.02
589170 5.21282e+06 1439.17
589180 5.21282e+06 1447.06
589200 5.21283e+06 1466

Path from Vertex 602 to Vertex 282:
589020 5.21277e+06 1352
589044 5.21278e+06 1363.92
589050 5.21278e+06 1366.69
589066 5.21278e+06 1373.21
589080 5.21279e+06 1379.74
589090 5.21279e+06 1385.48
589110 5.21279e+06 1396.25
589115 5.21279e+06 1399.96
589140 5.2128e+06 1414

Path from Vertex 282 to Vertex 311:
588930 5.21289e+06 1400
588950 5.21286e+06 1391.41
588960 5.21285e+06 1386.01
588973 5.21283e+06 1379.14
588980 5.21282e+06 1375
588990 5.21281e+06 1369.61
588996 5.2128e+06 1366.19
589020 5.21277e+06 1352

Path from Vertex 311 to Vertex 186:
588900 5.21292e+06 1405
588930 5.21289e+06 1400

Path from Vertex 186 to Vertex 470:
588870 5.21292e+06 1392
588900 5.21292e+06 1405

Path from Vertex 470 to Vertex 558:
588900 5.21304e+06 1462
588892 5.21301e+06 1445.68
588888 5.21299e+06 1436.65
588885 5.21298e+06 1428.4
588882 5.21297e+06 1421.61
588877 5.21295e+06 1410.42
588876 5.21294e+06 1406.61
588870 5.21292e+06 1392

Path from Vertex 558 to Vertex 459:
589290 5.2128e+06 1483
589272 5.21281e+06 1480.73
589260 5.21282e+06 1482.64
589252 5.21282e+06 1481.89
589238 5.21283e+06 1482.51
589230 5.21283e+06 1482.36
589218 5.21284e+06 1481.56
589200 5.21285e+06 1480.02
589191 5.21286e+06 1478.42
589170 5.21288e+06 1473.85
589147 5.21289e+06 1472.64
589140 5.21289e+06 1473.06
589133 5.2129e+06 1474.1
589110 5.21291e+06 1478.46
589086 5.21292e+06 1478.44
589082 5.21292e+06 1478.24
589080 5.21292e+06 1478.12
589068 5.21293e+06 1476.4
589050 5.21294e+06 1473.84
589042 5.21295e+06 1472.84
589020 5.21296e+06 1471.68
588995 5.21298e+06 1473.8
588990 5.21298e+06 1474.15
588986 5.21298e+06 1473.99
588960 5.213e+06 1470.52
588942 5.21301e+06 1468.16
588935 5.21302e+06 1466.32
588930 5.21302e+06 1466.12
588918 5.21303e+06 1464.41
588900 5.21304e+06 1462

Path from Vertex 459 to Vertex 436:
589350 5.2128e+06 1483
589321 5.2128e+06 1484.82
589320 5.2128e+06 1484.84
589290 5.2128e+06 1483

Path from Vertex 436 to Vertex 535:
589410 5.2128e+06 1472
589380 5.2128e+06 1477.95
589380 5.2128e+06 1477.97
589350 5.2128e+06 1483

Path from Vertex 535 to Vertex 270:
589410 5.21277e+06 1465
589410 5.2128e+06 1472

Path from Vertex 270 to Vertex 56:
589410 5.21286e+06 1485
589410 5.21283e+06 1478.02
589410 5.21283e+06 1478.01
589410 5.21283e+06 1478
589410 5.2128e+06 1472
589410 5.21277e+06 1465

Path from Vertex 56 to Vertex 437:
589440 5.21286e+06 1476
589410 5.21286e+06 1485

Path from Vertex 437 to Vertex 267:
589440 5.21289e+06 1482
589440 5.21286e+06 1476

Path from Vertex 267 to Vertex 467:
589350 5.21289e+06 1512
589380 5.21289e+06 1502.94
589380 5.21289e+06 1502.87
589410 5.21289e+06 1493.87
589410 5.21289e+06 1493.75
589440 5.21289e+06 1482

Path from Vertex 467 to Vertex 680:
589260 5.21274e+06 1441
589271 5.21276e+06 1456.63
589278 5.21277e+06 1464.85
589283 5.21278e+06 1470.74
589290 5.21279e+06 1478.41
589294 5.2128e+06 1482.06
589296 5.2128e+06 1483.43
589305 5.21281e+06 1488.92
589314 5.21283e+06 1493
589316 5.21283e+06 1494.3
589320 5.21284e+06 1496.44
589328 5.21285e+06 1500.66
589332 5.21286e+06 1502.39
589339 5.21287e+06 1506.63
589350 5.21289e+06 1512

Path from Vertex 680 to Vertex 486:
589140 5.21313e+06 1486
589149 5.2131e+06 1495.77
589158 5.21308e+06 1507.09
589164 5.21307e+06 1514.36
589170 5.21306e+06 1521.74
589178 5.21304e+06 1531.83
589181 5.21302e+06 1533.83
589185 5.21301e+06 1540.97
589190 5.21299e+06 1539.68
589192 5.21298e+06 1537.23
589200 5.21295e+06 1527
589208 5.21292e+06 1517.04
589211 5.21291e+06 1512.18
589216 5.21289e+06 1504.46
589222 5.21287e+06 1496.78
589224 5.21286e+06 1493.77
589230 5.21284e+06 1485.89
589233 5.21283e+06 1481.11
589240 5.21281e+06 1469.75
589243 5.2128e+06 1465.28
589249 5.21278e+06 1457.76
589252 5.21277e+06 1452.18
589260 5.21274e+06 1441

Path from Vertex 486 to Vertex 177:
589230 5.21307e+06 1465
589200 5.21309e+06 1473.56
589185 5.2131e+06 1475.67
589170 5.21311e+06 1477.27
589140 5.21313e+06 1486

Path from Vertex 177 to Vertex 327:
589110 5.21319e+06 1489
589135 5.21316e+06 1481.24
589137 5.21316e+06 1480.67
589140 5.21315e+06 1479.59
589157 5.21313e+06 1470.35
589170 5.21312e+06 1468.54
589196 5.2131e+06 1469.29
589200 5.2131e+06 1469.26
589230 5.21307e+06 1465

Path from Vertex 327 to Vertex 168:
589170 5.21328e+06 1398
589158 5.21326e+06 1411.54
589149 5.21325e+06 1423.75
589145 5.21324e+06 1428.18
589140 5.21324e+06 1442.55
589134 5.21323e+06 1455.34
589130 5.21322e+06 1464.65
589122 5.21321e+06 1474.4
589110 5.21319e+06 1489

Path from Vertex 168 to Vertex 596:
589200 5.21328e+06 1388
589170 5.21328e+06 1398

Path from Vertex 596 to Vertex 562:
589230 5.21331e+06 1374
589215 5.21329e+06 1375.52
589200 5.21328e+06 1388

Path from Vertex 562 to Vertex 72:
589230 5.21337e+06 1367
589230 5.21334e+06 1371
589230 5.21331e+06 1374

Path from Vertex 72 to Vertex 456:
589260 5.21337e+06 1370
589230 5.21337e+06 1367

Path from Vertex 456 to Vertex 415:
589290 5.2134e+06 1355
589275 5.21339e+06 1363.95
589260 5.21337e+06 1370

Path from Vertex 415 to Vertex 521:
589320 5.21343e+06 1327
589305 5.21341e+06 1340.5
589290 5.2134e+06 1355

Path from Vertex 521 to Vertex 324:
589320 5.21352e+06 1329
589318 5.21349e+06 1314.84
589318 5.21349e+06 1314.18
589318 5.21349e+06 1314.58
589317 5.21346e+06 1314.92
589320 5.21343e+06 1327

Path from Vertex 324 to Vertex 662:
589230 5.21352e+06 1324
589260 5.21352e+06 1326
589290 5.21352e+06 1328.82
589290 5.21352e+06 1328.78
589320 5.21352e+06 1329

Path from Vertex 662 to Vertex 621:
589080 5.21349e+06 1340
589110 5.2135e+06 1327.55
589120 5.2135e+06 1325.34
589140 5.2135e+06 1326.68
589157 5.21351e+06 1326.16
589170 5.21351e+06 1325.76
589179 5.21351e+06 1324.3
589200 5.21351e+06 1324.18
589205 5.21352e+06 1324.3
589230 5.21352e+06 1324

Path from Vertex 621 to Vertex 611:
588990 5.21352e+06 1392
589012 5.21351e+06 1382.03
589020 5.21351e+06 1378.23
589035 5.2135e+06 1370.56
589050 5.2135e+06 1361.18
589057 5.2135e+06 1355.58
589080 5.21349e+06 1340

Path from Vertex 611 to Vertex 122:
588960 5.21346e+06 1387
588970 5.21348e+06 1388.95
588975 5.21349e+06 1389.93
588980 5.2135e+06 1390.89
588990 5.21352e+06 1392

Path from Vertex 122 to Vertex 223:
588930 5.2134e+06 1385
588940 5.21342e+06 1387.02
588945 5.21343e+06 1386.42
588960 5.21346e+06 1387

Path from Vertex 223 to Vertex 269:
588900 5.21337e+06 1390
588917 5.21338e+06 1392.15
588930 5.2134e+06 1385

Path from Vertex 269 to Vertex 126:
588960 5.21331e+06 1404
588944 5.21332e+06 1393.64
588930 5.21334e+06 1392.4
588929 5.21334e+06 1392.54
588900 5.21337e+06 1390

Path from Vertex 126 to Vertex 26:
589020 5.21331e+06 1408
588990 5.21331e+06 1406.78
588960 5.21331e+06 1404

Path from Vertex 26 to Vertex 229:
588930 5.21355e+06 1425
588939 5.21352e+06 1412.3
588942 5.21351e+06 1407.52
588947 5.21349e+06 1400.1
588955 5.21347e+06 1390.65
588956 5.21346e+06 1388.87
588957 5.21346e+06 1387.68
588960 5.21345e+06 1383.49
588965 5.21343e+06 1376.88
588968 5.21342e+06 1375.8
588976 5.2134e+06 1370.32
588990 5.21337e+06 1375.98
588990 5.21337e+06 1376
588990 5.21337e+06 1376.18
589005 5.21334e+06 1391
589020 5.21331e+06 1408

Path from Vertex 229 to Vertex 492:
589410 5.21355e+06 1315
589383 5.21355e+06 1326.05
589380 5.21355e+06 1327.16
589356 5.21354e+06 1333.19
589350 5.21354e+06 1334.39
589327 5.21354e+06 1337.81
589320 5.21354e+06 1338.01
589298 5.21354e+06 1339.22
589290 5.21354e+06 1339.21
589267 5.21354e+06 1337.31
589260 5.21354e+06 1336.7
589235 5.21355e+06 1331.09
589230 5.21355e+06 1330.83
589202 5.21355e+06 1325.84
589200 5.21355e+06 1325.85
589171 5.21355e+06 1324.97
589170 5.21355e+06 1324.97
589140 5.21355e+06 1336
589110 5.21355e+06 1347
589080 5.21355e+06 1360
589050 5.21355e+06 1374
589020 5.21355e+06 1386.95
589020 5.21355e+06 1386.98
588990 5.21355e+06 1399
588960 5.21355e+06 1413.66
588960 5.21355e+06 1413.83
588930 5.21355e+06 1425

Path from Vertex 492 to Vertex 393:
589440 5.21346e+06 1284
589433 5.21348e+06 1294.28
589430 5.21349e+06 1297.24
589426 5.2135e+06 1302.16
589420 5.21352e+06 1306.26
589410 5.21355e+06 1315

Path from Vertex 393 to Vertex 384:
589470 5.21343e+06 1277
589440 5.21346e+06 1284

Path from Vertex 384 to Vertex 362:
589560 5.21355e+06 1263
589547 5.21353e+06 1264.68
589538 5.21352e+06 1263
589535 5.21352e+06 1263
589530 5.21351e+06 1263
589522 5.2135e+06 1266.18
589516 5.21349e+06 1266.33
589500 5.21347e+06 1266.69
589492 5.21346e+06 1266.62
589483 5.21345e+06 1269.74
589470 5.21343e+06 1277

Path from Vertex 362 to Vertex 667:
589200 5.2134e+06 1351
589218 5.21341e+06 1352.35
589230 5.21342e+06 1350.93
589237 5.21342e+06 1350.24
589253 5.21343e+06 1345.47
589258 5.21343e+06 1344.29
589260 5.21343e+06 1343.38
589278 5.21344e+06 1335.29
589290 5.21345e+06 1330.2
589299 5.21345e+06 1324.94
589320 5.21346e+06 1314.37
589321 5.21346e+06 1314.06
589322 5.21346e+06 1313.23
589350 5.21347e+06 1305.92
589366 5.21348e+06 1305.64
589380 5.21348e+06 1305.7
589409 5.21349e+06 1302.18
589410 5.21349e+06 1302.14
589410 5.21349e+06 1302.08
589432 5.2135e+06 1299.06
589440 5.2135e+06 1296.52
589453 5.21351e+06 1292.01
589470 5.21351e+06 1287.7
589475 5.21352e+06 1286.1
589485 5.21352e+06 1281.97
589495 5.21352e+06 1277.6
589500 5.21353e+06 1276.29
589517 5.21353e+06 1271.01
589530 5.21354e+06 1265.57
589538 5.21354e+06 1265.94
589560 5.21355e+06 1263

Path from Vertex 667 to Vertex 635:
589290 5.21331e+06 1384
589262 5.21334e+06 1378.82
589260 5.21334e+06 1378.44
589232 5.21337e+06 1367.17
589231 5.21337e+06 1366.8
589230 5.21337e+06 1366.42
589216 5.21339e+06 1355.09
589200 5.2134e+06 1351

Path from Vertex 635 to Vertex 526:
589290 5.21325e+06 1399
589290 5.21328e+06 1392.88
589290 5.21331e+06 1384

Path from Vertex 526 to Vertex 363:
589260 5.21316e+06 1412
589269 5.21318e+06 1406.58
589272 5.21319e+06 1404.75
589277 5.2132e+06 1401.94
589282 5.21322e+06 1401.28
589283 5.21323e+06 1402.24
589290 5.21325e+06 1399

Path from Vertex 363 to Vertex 530:
589260 5.21313e+06 1425
589260 5.21316e+06 1412

Path from Vertex 530 to Vertex 142:
589230 5.21313e+06 1438
589260 5.21313e+06 1425

Path from Vertex 142 to Vertex 429:
589410 5.21328e+06 1355
589393 5.21327e+06 1366.42
589380 5.21326e+06 1376.5
589373 5.21325e+06 1379.86
589360 5.21324e+06 1387.69
589350 5.21323e+06 1393.32
589343 5.21323e+06 1397.13
589335 5.21322e+06 1400.9
589327 5.21321e+06 1405.83
589320 5.21321e+06 1408.23
589311 5.2132e+06 1411.51
589300 5.21319e+06 1412.7
589295 5.21319e+06 1414.25
589290 5.21318e+06 1415.32
589280 5.21317e+06 1415.1
589269 5.21316e+06 1415.42
589265 5.21316e+06 1415.68
589260 5.21315e+06 1415.93
589248 5.21314e+06 1424.59
589230 5.21313e+06 1438

Path from Vertex 429 to Vertex 215:
589410 5.21322e+06 1369
589410 5.21325e+06 1362
589410 5.21328e+06 1355

Path from Vertex 215 to Vertex 119:
589410 5.21316e+06 1417
589410 5.21319e+06 1398
589410 5.21322e+06 1369

Path from Vertex 119 to Vertex 373:
589560 5.21319e+06 1394
589534 5.21319e+06 1399.76
589530 5.21319e+06 1400.6
589507 5.21318e+06 1407.81
589500 5.21318e+06 1409.35
589480 5.21318e+06 1414.56
589470 5.21318e+06 1415.97
589456 5.21317e+06 1416.52
589440 5.21317e+06 1416.69
589433 5.21317e+06 1416.6
589410 5.21316e+06 1417

Path from Vertex 373 to Vertex 29:
589590 5.2131e+06 1450
589581 5.21313e+06 1451.7
589576 5.21314e+06 1438.41
589570 5.21316e+06 1426.74
589560 5.21319e+06 1394

Path from Vertex 29 to Vertex 91:
589590 5.21295e+06 1413
589590 5.21298e+06 1419.15
589590 5.21298e+06 1419.29
589589 5.21301e+06 1424.6
589589 5.21301e+06 1425.14
589589 5.21304e+06 1434.35
589589 5.21304e+06 1434.52
589590 5.21307e+06 1444
589590 5.2131e+06 1450

Path from Vertex 91 to Vertex 473:
589590 5.21283e+06 1396
589590 5.21286e+06 1401
589590 5.21289e+06 1405
589589 5.21292e+06 1407.39
589589 5.21292e+06 1407.45
589590 5.21295e+06 1413

Path from Vertex 473 to Vertex 90:
589590 5.2128e+06 1389
589590 5.21283e+06 1396

Path from Vertex 90 to Vertex 381:
589230 5.21349e+06 1326
589241 5.21347e+06 1331.09
589246 5.21346e+06 1333.32
589260 5.21344e+06 1342.24
589263 5.21343e+06 1344.22
589268 5.21342e+06 1347.83
589281 5.2134e+06 1356.45
589290 5.21338e+06 1361.61
589298 5.21337e+06 1365.6
589305 5.21336e+06 1367.43
589313 5.21334e+06 1371.37
589320 5.21333e+06 1372.86
589328 5.21331e+06 1374.73
589335 5.2133e+06 1376.49
589342 5.21328e+06 1378.81
589345 5.21327e+06 1379.89
589350 5.21326e+06 1381.6
589355 5.21325e+06 1383.38
589357 5.21325e+06 1384.05
589366 5.21323e+06 1388.7
589374 5.21322e+06 1392.47
589380 5.21321e+06 1396.41
589391 5.21319e+06 1403.06
589410 5.21316e+06 1417
589431 5.21313e+06 1433.15
589440 5.21312e+06 1443.1
589453 5.2131e+06 1457.34
589470 5.21308e+06 1475.72
589474 5.21307e+06 1478.5
589478 5.21306e+06 1477.49
589489 5.21304e+06 1476.27
589500 5.21302e+06 1470.63
589502 5.21301e+06 1469.6
589503 5.21301e+06 1468.86
589505 5.21301e+06 1467.04
589516 5.21298e+06 1458.6
589528 5.21295e+06 1448.53
589529 5.21295e+06 1447.76
589530 5.21295e+06 1446.57
589541 5.21292e+06 1435.8
589546 5.21291e+06 1429.91
589553 5.21289e+06 1424.74
589560 5.21287e+06 1419.48
589566 5.21286e+06 1414.37
589571 5.21285e+06 1410.07
589579 5.21283e+06 1402.44
589582 5.21282e+06 1397.69
589590 5.2128e+06 1389

Path from Vertex 381 to Vertex 381:
589230 5.21349e+06 1326
